0 15 0 9 7 0 1 0 0 0 0 12 5 0 14 0
8 0 2 0 12 9 3 0 0 0 1 6 4 0 10 0
0 0 10 11 0 4 0 0 3 9 0 14 1 12 0 7
0 0 12 4 14 10 6 0 11 0 16 5 0 0 0 0
0 0 0 12 0 5 0 0 0 0 7 1 0 4 2 13
0 11 0 0 0 16 8 0 14 0 0 0 0 9 0 12
0 0 7 0 0 0 0 9 0 15 12 0 0 5 0 0
0 0 4 14 0 0 0 0 8 16 0 0 0 15 0 0 
0 0 11 0 0 0 14 4 0 0 0 0 12 13 0 0
0 0 5 0 0 3 2 0 10 0 0 0 0 14 0 0
14 0 15 0 0 0 0 12 0 13 2 0 0 0 5 0
12 16 3 0 11 8 0 0 0 0 14 0 10 0 0 0
0 0 0 0 3 14 0 6 0 2 10 16 13 7 0 0
1 0 13 7 9 0 5 10 0 0 6 0 16 2 0 0
0 9 0 2 13 1 0 0 0 5 3 11 0 10 0 14
0 10 0 15 8 0 0 0 0 1 0 4 9 0 3 0